<?xml version="1.0"?>
<opencv_storage>
<intrinsics_penne type_id="opencv-matrix">
  <rows>5</rows>
  <cols>1</cols>
  <dt>d</dt>
  <data>
    -3.202059184174811e-002
    5.484810041960487e-002
   -2.376797821038721e-004
    1.957176410761953e-003
                         0
  </data></intrinsics_penne>
</opencv_storage>
