<?xml version="1.0"?>
<opencv_storage>
<intrinsics_penne type_id="opencv-matrix">
  <rows>5</rows>
  <cols>1</cols>
  <dt>d</dt>
  <data>
    -3.010775294366006e-002
    5.207379006686103e-002
    1.275242537506779e-003
    6.132156106101780e-005
                         0</data></intrinsics_penne>
</opencv_storage>
